-1.8003249288750487,1.8026695289330217
-1.7594191587119112,1.726875841983644
-1.9528339633007317,1.8042310142979354
-1.9962203624577455,1.888351568366674
-1.900653785054514,1.7461613726746368
-1.7527167717552463,1.7851761521676996
-1.9974012037898028,1.8292030262759509
-1.632442261322633,1.8910595413358928
-1.8831225127572802,1.6547458107483626
-1.722191716628461,1.8868625026957433
-1.8869760569885665,1.8006915471289804
-1.9878907206396093,1.7927293517157774
-1.9685626736533106,1.700818629249044
-1.843005996158107,1.8793493130308705
-1.8814123123917095,1.6780250024196537
-1.6310125694172342,1.617904633177093
-1.6362756754610015,1.9970623209004077
-1.963824499561547,1.687247875379359
-1.6485104799802357,1.805108483875435
-1.970986451486161,1.6033354123338788
-1.9729925619033073,1.818760102839253
-1.7398141213158667,1.669928150363567
-1.7616224957144877,1.7937607235851234
-1.9645622088574937,1.6710551711089834
-1.9226393568350344,1.979015284267804
-1.8730890372012774,1.6347203471385352
-1.9175934059726596,1.7091751988320794
-1.6623777853764024,1.6938161708869777
-1.700970650039814,1.6303134125184973
-1.9496648149592428,1.754193562642074
-1.9891024122144514,1.980942631450629
-1.7338161470621234,1.7513208279793482
-1.939133833543563,1.8658646126644358
-1.661983871602674,1.7359491286872717
-1.725465944741932,1.9630726507414518
-1.809464830264408,1.8756864158368167
-1.62022645242553,1.994163808499991
-1.9060746180521835,1.6933660399348724
-1.8159649829244944,1.7664518510498362
-1.7802404024310587,1.8845806123325581
-1.972909284609754,1.8602061059143284
-1.942406955127585,1.665736120395152
-1.9297594248704157,1.8871759683391398
-1.8922405747666031,1.800465593724369
-1.9861375689145508,1.8867950533044326
-1.7095065718372278,1.8362262329514007
-1.846451816299107,1.8541935052109968
-1.9763862903197613,1.654387838971923
-1.7090728378905498,1.609381098793426
-1.679390474555998,1.7961052521395215
-1.8913629942372918,1.8196984541987962
-1.8519163509460579,1.772751515890408
-1.6002380161237009,1.7778678486321609
-1.943886355986889,1.9036730718932913
-1.7895821549687545,1.7157094875290055
-1.8427971600029738,1.7455126098364404
-1.8899780945023998,1.7988236283440506
-1.9208982295167432,1.686329365509565
-1.952853827355093,1.7002731707896555
-1.6461098491809953,1.7742315680598948
-1.6202890202635258,1.7915357513155552
-1.7696808752761817,1.7342193904045993
-1.71336427585828,1.9167287564551916
-1.8914776434895564,1.9984217902907808
-1.9260772116641989,1.6313451185818117
-1.9041855145736382,1.8338945519355372
-1.9184898054417676,1.8894719329128482
-1.630595574848922,1.6986314972959888
-1.821912304311502,1.653698575371448
-1.893539369282099,1.9904250099175373
-1.8005694598983857,1.77965513560369
-1.8959253893663117,1.7746965374529244
-1.6583354575307003,1.992356531931015
-1.738721436421732,1.6864020152884989
-1.735764678168971,1.6242618823502173
-1.9676178809368328,1.797601582608583
-1.9117859142309426,1.8251933486988845
-1.814497065971668,1.8262673410181327
-1.6060683435755614,1.7819926113336944
-1.887725308492891,1.6333872106862035
-1.872208211194312,1.701028038052522
-1.865673836066886,1.714407402326138
-1.7785257458296073,1.7093995404175044
-1.6607663947833196,1.9375403888929303
-1.6924025037693347,1.6209226962722556
-1.9467412391076646,1.715449504812033
-1.8157299294820612,1.6907081007855018
-1.6797062868442936,1.7183058877731805
-1.7631805896494424,1.8473862030442887
-1.8939565984317395,1.7451977172137383
-1.7316540351025247,1.644762311599819
-1.8164140863118639,1.8673560177716197
-1.8783901165791217,1.7149207600983811
-1.6189398512661564,1.6406459355474492
-1.9068829489020063,1.8325317708366182
-1.9156604459672364,1.8562563586213634
-1.9538694305182627,1.615348630469247
-1.8128395490636167,1.7575055906424093
-1.8773069713946036,1.7886175664193744
-1.731717670791391,1.897164798715494
-0.9643955461272049,1.631356658917791
-1.1501326841182096,1.6436854734359252
-1.1103398118719587,1.7001948275116556
-0.8466248765445814,1.9662015637182138
-0.8626878778971616,1.7916961406372576
-0.9811208038339305,1.7371612283898945
-0.9827235626613933,1.9568291694250435
-0.8091806769298628,1.787927554553956
-1.1445300558362101,1.6214753475792771
-1.0021849053118126,1.736671998334888
-0.8739830404078408,1.694604790747182
-1.0337258838108454,1.7793686293272837
-1.0240724312529765,1.7609824315167286
-1.092861640174419,1.9936817025577134
-0.9895920678842103,1.8580015089281419
-0.8977788554555988,1.6520233072642168
-1.0833777485400449,1.9264760578818905
-1.0088032418272503,1.7740424880629162
-1.027914169997038,1.8029583230568644
-0.9775857120362317,1.6702912937894625
-1.1602724782306275,1.7863812779003059
-0.9196838391862658,1.7377978090020545
-1.1049801710653226,1.9645610553065311
-0.86064824707117,1.8647605164266827
-0.938566325973544,1.6263282404181092
-1.0811145184071234,1.8855626712209685
-1.0511652057824203,1.8127914720259932
-1.0742917808617447,1.9987899246048921
-1.0047023679965652,1.9764711466351175
-1.0296295969697766,1.71991848797819
-1.0938276696819171,1.8197754091340248
-1.169335608776415,1.7868258294848558
-1.0349004200903666,1.6745249567542289
-1.1898068441830698,1.6702601225277258
-1.0399725291301518,1.6619675024690836
-0.8979284424260792,1.9628889862246335
-1.0768559625331593,1.7379574037512746
-1.0825838353013624,1.929532578520526
-1.1730016269349015,1.9807098301943968
-1.1246114280384565,1.897670263343477
-1.1900573561382346,1.9187737845328554
-0.8238331882189889,1.9512948215306716
-0.9776133171661685,1.72460218414011
-0.8096712026598736,1.762672021136963
-0.8087836450223969,1.9143319734177089
-1.1022590815310769,1.755548261205928
-1.1069140742192762,1.7971212920834785
-0.9038454264610549,1.9398330110200084
-0.8918455054438161,1.9076252802009825
-0.925677495962606,1.6917673445661532
-0.9058044901824842,1.632926573738389
-0.8934434693322055,1.8750741293471394
-0.8231319313502736,1.8104705113102306
-0.9247428372344331,1.6075698704154697
-1.1047021773893424,1.6262899878935366
-1.0349445082498188,1.674202584266927
-0.9270250282316945,1.6830388652532005
-0.9031832899809724,1.8714643830044952
-0.9976641124075181,1.8350873061112716
-1.0181357821458423,1.6396119373099394
-1.1627454790958527,1.7031670476883172
-0.8236074624405887,1.798112251928307
-1.1189708996012964,1.6837884568531716
-1.0968532816232537,1.6462155991287517
-1.0616912121134525,1.9588862283772395
-0.9179448294857002,1.7245419007045593
-0.9322353623695008,1.6888844095548095
-1.0263875636242714,1.755051118899845
-0.8718316519573015,1.837606186607371
-1.1115824890101682,1.6857526449860563
-1.1460981875553082,1.7301880368797435
-1.0466170369405954,1.7629930047582398
-1.1732202542550214,1.8853922941657943
-0.8502606647351627,1.938145731002182
-1.1705728850983312,1.891446558785655
-0.8499313401265558,1.6870113283479629
-1.1286875770300238,1.7097727509978526
-0.918789533035957,1.6792199964404697
-1.1281026662359146,1.793702950008245
-0.9730072202894455,1.8814137942347782
-0.833777591530426,1.7995135944818563
-0.9406497979101471,1.8119696638964449
-1.1333917914065483,1.8448439175760454
-1.1514994896144317,1.7865087030979865
-0.929989668114805,1.8347989719589528
-1.147539618511836,1.9024218470553298
-1.0560737676449266,1.7287718567838515
-1.0767094651180864,1.8071262540093749
-1.1453886683933316,1.9612542063903258
-1.1079302627083316,1.7787510919791156
-0.8802790330482881,1.7576383832972322
-1.093293489349559,1.9194358441940016
-1.126645731285021,1.801249129879605
-1.0036930821431997,1.720408679693967
-1.0751644634000865,1.8105768647169835
-0.8770740179997025,1.704496665549522
-1.0265722408140607,1.8759191702291709
-1.1438602567680332,1.885704045234022
-0.8904673653527135,1.682371427086462
-1.0320156426592926,1.606979289101294
-0.21120943515596236,1.611341751694965
-0.3045818894256096,1.9262757800563475
-0.19114638364252362,1.765500095109013
-0.245428776085461,1.917495569452519
-0.1505362013809121,1.6023054086817596
-0.38434176433635203,1.6368898859074945
-0.14517174534007302,1.6889893359224015
-0.34046329967214417,1.8769745097427182
-0.056857458780653895,1.7071092540097674
-0.16349453782539689,1.7890025771831806
-0.17852753980995584,1.63751772778234
-0.06495476637321569,1.6015214757982017
-0.334935845099516,1.6468301259887363
-0.25718662447823054,1.796525326683632
-0.31148827558897935,1.77420606224504
-0.15568564056827006,1.8261983672052828
-0.20792894464314468,1.8824951185152907
-0.2507233950703625,1.9622294905491313
-0.09023246948147912,1.8905315386160038
-0.31712410553485104,1.9661621071678075
-0.38319472192160464,1.64359676180525
-0.30644519085780075,1.9532281148911024
-0.2278556014677121,1.706803451642183
-0.05370287531360649,1.6935991155041514
-0.12202763523875944,1.6813885788383087
-0.031174582819169672,1.8539723403695536
-0.36884494932531803,1.7466379209461294
-0.19470053864993178,1.9288931057836431
-0.1773878763276366,1.6203983715535502
-0.2932974430211121,1.6452000638566209
-0.09107888391906323,1.808869095961814
-0.050787988027640646,1.844463856056397
-0.363686344554141,1.6815967562371477
-0.17854031332222955,1.6572741274056477
-0.3594131062763023,1.960334465337017
-0.04130236909102663,1.9797142971567459
-0.22268767959930125,1.6506585554604685
-0.17350656408139498,1.6463477324085716
-0.344916189846418,1.6729716002538333
-0.13131100512318952,1.8655235531331018
-0.14959407737146804,1.8647543603739098
-0.3660337953031376,1.641794453469175
-0.22381716834188037,1.8286639874542814
-0.11752799115719506,1.6567233880530212
-0.04337215047377341,1.691309915418164
-0.1514350831545278,1.6133404634482382
-0.2702274222905925,1.8152733678493063
-0.30214568887052423,1.970995494060746
-0.24538555499803727,1.672170815091946
-0.03368652726649333,1.7063363293069918
-0.2566995838355367,1.837296060664452
-0.39364386154286396,1.6326272269278423
-0.030395713515771305,1.8066098995972126
-0.21062349611797024,1.893606028947922
-0.07668575165441004,1.6645808946365215
-0.17363880241721807,1.719563250796296
-0.21399323384794525,1.946614979071816
-0.3322082494332379,1.7923105635804937
-0.20295772063410045,1.7425460742226613
-0.3688349901083645,1.8121905165605194
-0.1405225114364743,1.7778942881317872
-0.12093133191060922,1.694263735344567
-0.29605155095524666,1.6873325993559478
-0.2671418419555918,1.842294199500407
-0.21556192118399697,1.760037267650639
-0.2434092234977303,1.7581375928690621
-0.3767990590322123,1.8893317544635462
-0.31701792909050397,1.6406220355130487
-0.047022250497675215,1.899268072517645
-0.12224082828629071,1.8119950042300559
-0.27700879040206366,1.8485240558036429
-0.04910528074123777,1.7814944818796818
-0.3589257645024251,1.9272293516385413
-0.27718516505187746,1.7145868570056324
-0.38235882156953527,1.965067247343019
-0.1592162458520109,1.622898389274769
-0.14192842700932326,1.9592338747543088
-0.08472298754315424,1.7238514849625841
-0.38156401944691304,1.8085708325791359
-0.0917353100614629,1.9405014708828614
-0.20464782615690705,1.8054213109426716
-0.34506455151471793,1.8210536511990503
-0.03588019182255531,1.789494610339075
-0.16249854771519523,1.854025234468514
-0.38985918227973243,1.8082579032512047
-0.14566624766711783,1.6390007081398146
-0.08300771279349757,1.8561087705045467
-0.16021305033156047,1.6444137854544334
-0.21962214487421727,1.9798163115441343
-0.010318523124414725,1.7427734638839079
-0.2894569642086614,1.940452913387184
-0.06547893072983708,1.7602360089008124
-0.033400598263825375,1.7122733173477744
-0.22286754537209488,1.7114091041001065
-0.16543827540577768,1.9767317602998176
-0.22647632470610907,1.8117587321561341
-0.18323828118128202,1.8350627372824913
-0.11463322500081229,1.9689738509618109
-0.35633873507109914,1.615584719372396
-0.03037999244621985,1.6511281585154407
-1.7500524726524316,1.0921211703207947
-1.6045859528311102,1.013462681494813
-1.4248484233945617,0.8576670771384738
-1.6095638789762425,0.9370973196877279
-1.7451083616447975,1.0126639284396821
-1.7813446826657564,1.1919637838491968
-1.437798566499456,1.1299801736560326
-1.421658304385178,1.082736858270096
-1.6607366300270519,1.0489288444521752
-1.6160587837901854,0.8705250947305119
-1.6717741166157838,1.0283881200920635
-1.6425221103377676,0.9845667241175342
-1.73435661894318,0.9543252797640844
-1.7952361603572298,1.147160521995655
-1.6515631854705557,0.8497585327637347
-1.6111924127505042,1.03154626567921
-1.5898677422579996,0.8754259453746736
-1.7625802078080153,1.1564332761148715
-1.4355059863560513,1.1371647561388412
-1.4658743437731472,0.9923602554866611
-1.4204714784347958,1.1312389512544536
-1.558898017038465,1.1140539174855466
-1.7618056140016303,1.1615871948197363
-1.6100333346011544,0.879438244438022
-1.7769866074819705,1.1531977123199453
-1.5491423815621284,0.949930504556169
-1.7698632730066324,1.1635510690611335
-1.5476525100159713,0.988144870490419
-1.5257200630724823,0.9593060218305071
-1.4256500928845863,1.0781083513984877
-1.5107004001890152,0.8781382645099276
-1.5267175167007063,0.8095785670686138
-1.6399559562043822,0.8358759770514814
-1.576639028676195,0.952037044926904
-1.7605302349828542,1.1668106831046237
-1.7299914486153338,0.8154161269287925
-1.7891252865376033,0.8002961544354932
-1.609026533859588,0.9536020068857008
-1.7515412564172612,1.07948258998882
-1.452142343470797,1.0132407008960302
-1.5897187636648582,0.918267537371982
-1.7146315783370696,1.0643582418624613
-1.5339550735924026,0.9702795392100341
-1.6022856066222293,0.8707906723131669
-1.682005364720395,1.0489447636300462
-1.4688232123359466,0.8674037740052272
-1.7834212328886583,0.9904212866315845
-1.571004125503201,1.107566977678928
-1.4966190178019088,0.891420091236546
-1.5506777822353022,0.9283301305796883
-1.5678113768327533,0.9816662042834774
-1.6009082789293543,0.952236233846756
-1.4750759154198436,1.105987694618029
-1.573707508318533,1.10368759856137
-1.4874754294533994,0.8937547982951037
-1.499798595452645,1.1642673644517054
-1.608285059045864,0.9836256688868024
-1.7162227830070265,0.8254025259723772
-1.7030220433747134,1.1492896449601357
-1.435493357481754,1.0182390710357108
-1.4571144465875348,0.837133380921802
-1.5403907641972006,1.1095843196518524
-1.6646861295113289,1.0794894513845594
-1.4513838606463987,0.9492556895467317
-1.7190753757110042,1.1873615302234237
-1.4890527921295333,1.1381596287266649
-1.6573456658704522,1.0542545344066054
-1.6417795744571584,0.8579089892785747
-1.5051874685538191,1.1179725134894805
-1.4493630881827366,0.9617710644680283
-1.5752505079771153,1.029981457022067
-1.4261059465211057,1.1732233446583047
-1.5910868639275828,0.8721685840414402
-1.6723111716345056,0.9723781752784448
-1.6405255374987886,0.9385640355374998
-1.6610172185543748,0.8720218041654904
-1.6064400067188784,0.8648252242144052
-1.4371907180226702,1.0939980304749124
-1.4795107851588711,1.0410185073487406
-1.4294867431322145,0.953150555335535
-1.6267256743032648,1.1834673321085796
-1.750077029907506,0.9400229617395486
-1.6710009867047495,1.0691701113102554
-1.4459373988955502,0.9649993131115736
-1.5314476607400722,1.1515257093610267
-1.6653759300957702,0.8855529261721624
-1.5804469189374082,0.8788387662846284
-1.7164744948069282,0.8847550857937034
-1.5928405112035278,0.8273112516599055
-1.5195063703167389,1.1031800427961609
-1.7941813590182445,0.8379612756714063
-1.5932837581946366,0.9478268130674692
-1.459131147630685,1.0121444627704366
-1.6657793478538587,1.110662775393019
-1.5677317667007955,0.8730874603825398
-1.6622568120790464,1.1258784704312947
-1.5964183995521897,1.0410777384982701
-1.799535658560635,1.0789272568922859
-1.402282470118154,0.9976879490671016
-1.4029067335397203,1.0519080123152496
-0.5532333913549545,1.1296478893676651
-0.46260484928649304,0.8488332728958383
-0.5633487617376984,0.8457108879816004
-0.25963613736036106,1.0908097452306176
-0.3118430055787951,1.1500965004319919
-0.4161480084098165,0.9051423846621955
-0.2557254258337096,0.8338252128818395
-0.2634202843229493,1.1538575896693912
-0.49035902480892846,0.810495498646306
-0.4709468796934301,1.0561256763470526
-0.4687721070697351,1.0757879628895919
-0.4429677567357981,0.9555467118245596
-0.25971544296752214,0.9102155232392763
-0.4642017086818476,0.8672487170944343
-0.20609816373079246,0.8723730969158712
-0.5644211320215402,0.9112311239212358
-0.5395764502185294,0.8451745738223366
-0.5719003873218169,0.9973711125060398
-0.5137094300984332,1.1002992896138435
-0.23866025953464934,1.1739946060795001
-0.33723756142737404,1.0363044273652193
-0.24582141629408333,0.8858981973401581
-0.22067931991227147,0.9235943790396444
-0.33527049692870403,1.0091925812815639
-0.39358242517227376,0.85467231963737
-0.5642331166274455,0.9393224615246747
-0.4064069606516679,0.950833665832548
-0.5422385559464826,1.005102370869933
-0.20015777430807039,0.9166954209874112
-0.28535169054930165,0.8655920080158181
-0.5085246445497928,0.8616898940450619
-0.21043833481472132,0.9181193220782617
-0.551429069980516,0.9228855513962144
-0.3926205065193431,0.9047437329348227
-0.28551722944934665,1.026232152177416
-0.5219693245317453,1.0509363870134227
-0.29627930903258015,0.913561715339694
-0.42087319349943414,1.0042386546641417
-0.3481159691272569,1.1404113189109912
-0.5214100705379375,0.9621445462428134
-0.45281344835306336,0.9149678626538607
-0.3524430475563212,0.8874368647784427
-0.4735292244034645,0.8011695930986129
-0.4490490654607625,0.8056916772670575
-0.550531056179998,1.0492334469975555
-0.37228121962115185,1.06364961987921
-0.21657260320645846,0.8446114553446589
-0.3151558554277666,0.8986372878542086
-0.5639295932451727,0.8816142626112047
-0.47114614875942956,1.1282061276744584
-0.4317610494560139,0.9706736990805691
-0.5543545240427847,1.0156406698121294
-0.301600847345527,1.0784510624216759
-0.38592686772769114,0.8009724241828655
-0.4204252709834844,1.077732024500086
-0.4991622977757543,0.8086199140367836
-0.21488308218006053,1.149283405409023
-0.4661624991391548,1.051759952028234
-0.31691514257916015,0.8305815501377518
-0.5117556961415718,1.0500193930770583
-0.4901312601252312,0.9465563048305412
-0.555820631599502,0.9610612456442901
-0.4279525190905266,1.0852289708933354
-0.513026681335865,0.8981230715875839
-0.5886680637002595,1.0963571818423254
-0.4793969149966665,1.064550300573177
-0.539195924787698,1.093933642779915
-0.547991358853103,1.082851253890404
-0.2984779293639327,1.0336205381614576
-0.22139850768138222,1.029785059499735
-0.3030796820698457,0.9139352546529411
-0.3266137284584015,0.8104782035227667
-0.2617068511768817,0.8152379446962068
-0.3882737296235235,1.0135495355805195
-0.3219899606300583,1.1433054655456727
-0.37910699233495965,0.8857082052488692
-0.44203031400230447,1.1845107568071336
-0.4418506168658663,1.1482731696224178
-0.44084025352804024,0.807361123164829
-0.36477482739128914,1.0495474775907396
-0.2959519021826189,1.060383156106723
-0.2933466449335703,1.1059647241128647
-0.2631086927427432,0.9190764868753316
-0.5734553103443364,1.0314095272177128
-0.5120950357522177,1.1248929384011273
-0.5470123314221704,1.1880983911227887
-0.2043998686066479,1.1369319425779931
-0.3586297803731372,1.1138913502694494
-0.2825504367482232,0.8822775612549101
-0.3824710897305064,1.0898895452342725
-0.29759353887169915,0.8436367669194784
-0.5412592594137645,1.1086580570507993
-0.5703416793317486,0.8631729989323611
-0.5648178623672122,1.1873976128780364
-0.4636426921330516,1.069163443139554
-0.5234110099331984,0.9418734414025087
-0.3370714709850477,1.14734283773
-0.371539081630897,1.095893623343181
-0.4620836225617633,1.1815309459240404
-0.5507374658029216,1.1476138655500532
-1.7948110572400793,0.07837518627593028
-1.9253163817845094,0.1479299039036
-1.6353203465621435,0.16877456015335796
-1.8628703515482155,0.26770311584504713
-1.8462953226980616,0.14378480102810648
-1.721776607543786,0.3395493919362952
-1.6607459437990864,0.2355397909859907
-1.7707922464555859,0.05640557337941359
-1.9774860433804196,0.29395802836926516
-1.8412506413479388,0.19307213674460597
-1.8247633528866554,0.33773768876795907
-1.8002482449015211,0.08841538766933087
-1.9665657409811816,0.27337802611546264
-1.6336034660824978,0.28489643117902536
-1.8327680402704805,0.3786992803180671
-1.7402601034954621,0.06857897652750782
-1.8734248473809636,0.037567707883657465
-1.7651980840701247,0.2867520831837376
-1.8691550636545307,0.2902664986253582
-1.9358054816967023,0.0417884479336029
-1.8737043826333253,0.029188037048056528
-1.6170556523749022,0.06884334186735801
-1.9214131422199252,0.12225710879345396
-1.6637246873597233,0.2014833951713313
-1.801456869684797,0.38672902134346243
-1.7232744582161508,0.11331901504809797
-1.882368049350318,0.3637412219437652
-1.7309174712828088,0.2951986282595157
-1.7644879125567794,0.2592310139837151
-1.6387701869244713,0.3865071110776708
-1.8446379192498936,0.019566742920407387
-1.733892332878389,0.1255952899653948
-1.696440925812266,0.30047378262205915
-1.725399930402366,0.31835180713482997
-1.7013630603301093,0.2655714358960105
-1.7187309376643702,0.14541286280303223
-1.809687528462328,0.11607087751572238
-1.8455325285930517,0.03748991884054607
-1.6672725717082248,0.2059189447805559
-1.6805299924658457,0.24477957789001709
-1.6130860990760099,0.3369067274389837
-1.6521276889395855,0.11040456907758692
-1.8341504480809627,0.35599637802662587
-1.6413831998880672,0.3293187171641371
-1.6586710261101945,0.09235403345003435
-1.6643863839507154,0.13309354975135587
-1.7747635617035316,0.17431086327854073
-1.9459657541791333,0.18748832877391297
-1.8813350399544984,0.15670893971985878
-1.6180350642427785,0.0236897256875809
-1.7093140785873706,0.26682271424132187
-1.9137838659328184,0.04559181436212004
-1.695567330580994,0.3422814889435626
-1.8793061186287159,0.16447121580252166
-1.648478772152659,0.1871525228297574
-1.887151822453484,0.308896976601527
-1.9133097270252237,0.01257879683888894
-1.8116771573665456,0.04169862623547993
-1.8270977705873177,0.25609985175606337
-1.8139591040160559,0.0873008515915275
-1.8469935800034278,0.08901856352094582
-1.88443157099999,0.13171694242929483
-1.8425751862473874,0.123910903201294
-1.6042900240999813,0.003978084348132027
-1.8618198116470794,0.024610329435792933
-1.6121029140815075,0.08175963797067132
-1.6120541961330639,0.2987327165394718
-1.7999583929685274,0.28545006172740245
-1.7413446395492018,0.31804201913610664
-1.9138654917046205,0.13389235981674727
-1.7624290366764377,0.3646914525537583
-1.9960197710200045,0.23151256399502934
-1.7304334122814686,0.24160921336412564
-1.7819338024439162,0.2405337924232311
-1.9672563537252337,0.31303206975435993
-1.753323701013673,0.2634592060065472
-1.619645185766082,0.356424749349508
-1.6480333080168097,0.01999114682724983
-1.8446285408318304,0.10975716183397886
-1.6411685481818,0.04903839642833266
-1.7351103912347003,0.08834610468846385
-1.9370048524596748,0.20044784441768587
-1.9300714381865187,0.12320225292980683
-1.749121286666677,0.10258105914179053
-1.7979642271386358,0.13805795311530505
-1.796605561740526,0.10084080270312273
-1.938529010403115,0.13498509621045307
-1.9070649298394047,0.15873687804342784
-1.7173981704460832,0.1987476187339107
-1.8925683230834385,0.3970649077113389
-1.6294973248319415,0.15776654961840395
-1.9525359041962367,0.3182563600471686
-1.681392171145254,0.35481076039583614
-1.657982743472237,0.3219420773502382
-1.6893705707978122,0.18326042825502442
-1.6844140375671972,0.06425633147022972
-1.8091900237368428,0.035024753512359834
-1.886059773035372,0.34739254506763967
-1.7450614265368714,0.2839299102189317
-1.8420275477595034,0.1474063265216839
-0.9295803811870387,0.2936274675557624
-0.8553426692620967,0.09724575323865339
-1.1229583205148337,0.39180796989055766
-1.148735556339124,0.23847336088550783
-0.9490459200256651,0.2927387426243571
-1.07642672915067,0.3391283813099377
-0.8672821829829962,0.17787929328420718
-0.9590506954671723,0.34666261170211976
-0.973843214447863,0.35956215305797407
-1.049250325167793,0.20386706800280138
-0.8319050168976156,0.15546126568948845
-1.148364186463086,0.3021915476041512
-1.0500757416771667,0.29180454327258515
-0.9200197347048749,0.28084321253353095
-0.9596929645252983,0.23102144151993642
-0.9843360384775628,0.30153481851396874
-1.0858225675076891,0.28475085525542837
-1.0268302482463865,0.13773752442149997
-1.1634362316425466,0.2258690776500103
-0.8190126833623257,0.21377772005982465
-1.0193851670658187,0.15343171798815902
-0.823046031034742,0.31310159061438264
-1.1224284651858376,0.39215816101991224
-0.9407347338627075,0.04651542012862984
-1.1977149446103101,0.02332126757543751
-0.967501369478341,0.33019425169055094
-1.0087580326871144,0.2466394670859225
-0.8248972795677918,0.26973566406456456
-0.8290839223123299,0.36300285014064815
-1.0705856012535129,0.18051995155984862
-1.057373701003403,0.3455991424805777
-0.9226251305825015,0.19612230994429292
-0.8740610158029576,0.33223986466967004
-0.8852743990900136,0.22550689712630514
-1.193987207378919,0.3244213216382956
-0.8264257362807579,0.11621734189265594
-1.038856595907589,0.11888949025159268
-0.8321698413012673,0.3647622251165378
-0.8348753425378947,0.025212232007754666
-0.9518820073099327,0.38687872181030514
-1.0350976262047564,0.038096599600782315
-1.0476116976501926,0.019341932071134285
-1.0726438451313984,0.035923389993831205
-0.9744477950278108,0.1714716529713458
-1.17009595959975,0.26720553476384973
-1.0439226348129378,0.3784728988132151
-1.1620157302166112,0.264411231981809
-1.1604083131666931,0.030230755933367083
-1.0316723785935518,0.18982706179708583
-0.9708495882372001,0.2581645478345138
-0.9197065984511046,0.2708708511320063
-0.8310681754395901,0.059230631870264096
-1.1315987210386553,0.2224981892586142
-1.1672639957167565,0.020147676509664026
-1.1524492536375925,0.1820811872777676
-1.0992294083889422,0.37640233463185535
-0.8717206969239035,0.09737215836012854
-1.192183279549795,0.29957797179647727
-1.1272303213330845,0.11089932571380241
-1.1170220625288656,0.25303321173953847
-1.096823878050837,0.27437633432594816
-0.8241761504131526,0.18994156157826814
-0.997801252782325,0.30444121346480113
-1.174149807903454,0.08918768628593653
-1.1983053439541629,0.25627525017984815
-0.8182141883653906,0.2336003556652874
-0.8015262370162031,0.14438646372247052
-0.8856131043295785,0.33148641312568766
-0.8327134808299963,0.2800764997248412
-0.9090321876840803,0.26641444518458485
-0.9406295216040819,0.022844703072298245
-0.8079724069525203,0.13168133066138174
-0.8192184853698272,0.35821685908635464
-1.0500598252583555,0.06487913158119536
-1.1619046499995695,0.01722090868077224
-1.1232138871142903,0.04446412207806732
-1.080075954034808,0.14296622927585112
-1.1769871303014061,0.2442142264890002
-1.1489481487512279,0.38751724072831073
-1.1292802155897008,0.16294555666638544
-1.1881462437787627,0.1874868059674272
-0.8850261631121326,0.35584284500698493
-1.140980074170087,0.01950895136908133
-0.9763289150121335,0.19024328171216479
-1.1855318804463875,0.27698504212234726
-0.9089315922471184,0.23269744986830335
-1.0923140083498726,0.03723178907622904
-1.187780634828978,0.2456154134030137
-0.8373957455585261,0.003393890120318011
-1.1948424675635465,0.13079050910878448
-0.9865389409538929,0.10821845879206529
-0.8052201327702784,0.3035776432611237
-1.1850223326121505,0.2570228204871196
-0.853007851672132,0.3154873369676598
-1.019475635605207,0.06492154184057815
-1.0962121403368614,0.06444115192840565
-1.1621846992988039,0.20861306513437927
-0.9804586877269643,0.24091848956784517
-0.8649697831835592,0.16576050456715638
-1.064094881390325,0.15470899018876327
-0.13887963028655018,0.2552357341929471
-0.24268848562505935,0.1709694549817936
-0.1375846928575426,0.019230190722190968
-0.2988135554616091,0.25576826971757133
-0.15649337768898613,0.10347009044288824
-0.003405302890182371,0.39028483935701275
-0.26625585593804363,0.0945083580081053
-0.007856402868680635,0.0593158741071111
-0.11846066970006355,0.2632996810854981
-0.2914174920451466,0.2537248155293556
-0.09296988602214179,0.04199972831228336
-0.36635577948911924,0.047954940270833246
-0.30047925617060844,0.3261637092080181
-0.3937157294901669,0.022711152027235927
-0.010530405951871337,0.3472540673419642
-0.02541681953511046,0.1993998356763591
-0.04434273226923629,0.10060118673415204
-0.3638138721972831,0.3369004369030305
-0.3534733582349272,0.14169575424287442
-0.11773604563129236,0.21272699773914946
-0.3994539775488922,0.3789253257168642
-0.23441110657448028,0.06962192456341465
-0.256194228985449,0.2936024493048674
-0.39957262673248684,0.3551091373093338
-0.37608175188615334,0.008365796193295694
-0.22343778977814238,0.015517509766299443
-0.09234965905173609,0.0027702279491403914
-0.06813461039920372,0.32747043782429786
-0.37442297336915437,0.24011614354550687
-0.12254772498906547,0.15882141490842583
-0.309595965171581,0.22230270863402876
-0.2934426839365718,0.24750001066071167
-0.053533145095467166,0.029724050211293963
-0.15711912489928648,0.17071694873990398
-0.3737271372092734,0.33096180811461734
-0.0037340382738584757,0.14846139621090387
-0.004187464896492354,0.26226185687831055
-0.10682687677496744,0.28420798521463114
-0.03627468828358262,0.37951740433389214
-0.16346869537513836,0.2922353622765685
-0.28973509985085477,0.3757148581325041
-0.37584863454372475,0.39494252955357173
-0.03963190893960938,0.33453360892601464
-0.28300093564314904,0.09503362539193652
-0.21900907317662566,0.3560248323975815
-0.001767181398406459,0.33642597552634995
-0.2737651137703042,0.04302903391756901
-0.19897821888944822,0.16422100594960318
-0.21535438543577967,0.17722642544464212
-0.292231555583152,0.17806148957348125
-0.2985742200440539,0.34144853108994816
-0.2645301667875702,0.24468344306558315
-0.3458367788976887,0.2601137310796362
-0.07843951100372362,0.09445504530842004
-0.045965279526687386,0.032384065750325645
-0.3883101046904231,0.17317941879980428
-0.1746946388450762,0.02287468530755299
-0.274503718901209,0.05442261852755786
-0.21569743120429086,0.1524819977383558
-0.0614516025786394,0.039112274293023885
-0.3050965688192189,0.2971307159286612
-0.33176429713224587,0.2781370215638658
-0.37906672026147836,0.05497449400092594
-0.011502563685068967,0.050160946574753056
-0.0732671723308393,0.0828192012808303
-0.07711012991928037,0.1108518841320818
-0.10448940897381896,0.13027232470047712
-0.22239936314700373,0.10120658774154681
-0.35904341412070295,0.0153561234588405
-0.12437143050355917,0.06164029228369268
-0.11904712652140176,0.2880568655368814
-0.359543552448769,0.1449925505567627
-0.17692427529052945,0.01851659787469795
-0.14784614367481774,0.05558553599519809
-0.22005646848107807,0.024308442019334776
-0.3390435455795361,0.36295537204438266
-0.21167588167313733,0.11647058998405618
-0.007022595906881657,0.04786159919742827
-0.35072552711481425,0.1967088234670924
-0.08018386525386703,0.034664015610582945
-0.16255501347752532,0.07841146229974126
-0.011561010934768712,0.24814068481709467
-0.15395979333845555,0.13185520811152948
-0.3801844753884402,0.3043051492970273
-0.060213112992934595,0.2692147608651464
-0.3155961763129867,0.10376545930229236
-0.018379997915070147,0.3877231822330415
-0.15031256658597766,0.34265171175886994
-0.22034354043528534,0.37956477403989947
-0.3304240486638528,0.2901234373531202
-0.3306143536187989,0.19481624802500588
-0.15240944300934545,0.3029524333028526
-0.19813445400023688,0.2089864366833427
-0.3446345622939032,0.2566609856931135
-0.14792776293314813,0.09943940609855267
-0.2748949638235824,0.3691797870958989
-0.007589888372563048,0.17521983542663075
-0.040753223251195084,0.17697449475264088
-0.20525034872152306,0.2325341757238756
-0.28731193426908797,0.29507372495520484
-0.8489072026932303,1.6168762436354265
-1.4872702725251237,0.25708114941257176
-0.353339824105686,0.6375635429753514
-0.5623657047126858,0.6620946903544993
-0.27046623710186934,0.5415282925538252
-1.832031283819556,1.053261235280962
-0.817185592519512,1.5526420897862474
-0.7763668188193724,1.7349647618439568
-0.38261202448519716,1.6181741252459831
-1.0640861255958776,0.8430503323649532
-1.2429338103993746,0.9331029556414518
-1.6361446254775274,1.1031130853505076
-1.0954890388825915,0.25438950309622155
-1.543671385446337,1.3662669831674024
-0.6108478667074635,1.2258527068220804
-0.529036660047276,0.6889325983656425
-1.1723973096732965,1.010462339780202
-0.3408387655689771,0.5181077581777149
-1.5061252698709664,0.5405342378411757
-0.33804686246525995,0.27600384842340575
-0.9990052425430238,1.6474864002570462
-1.0654893594725143,1.3078551802821219
-1.1625856410826207,1.221484981948156
-1.1723317486944635,1.7641285855438777
-0.9190906108437646,0.3774815209282274
-0.297139158794538,0.5332836726661785
-0.17054301838945252,1.367815755259139
-1.3575737934261747,1.8236551953987277
-1.4571225587929562,0.6827275532892547
-0.059728849608652324,1.4129514235768608
-1.419175510456225,1.418797030782523
-1.3815554000593768,0.9412837287304698
-0.24799651173439852,1.5714998816006864
-0.2867899219654779,1.918565308802987
-0.34370397543387665,1.421740295425972
-0.9902452917126856,0.34953773866467075
-0.9942356246686117,0.6373934635847536
-1.7222795410955267,0.04960686954947047
-0.047693434371723464,0.09956207601572609
-0.12971035656742158,1.8320909645687995
-0.27096954668794093,0.7894237960170913
-0.2023972321989913,0.7924060842327776
-1.3707886114816388,0.3352179744900068
-0.9291648558027332,0.8971354929516857
-0.4990050712972487,1.020091202876895
-1.7636952461051716,1.00585133420445
-0.4721966699430611,1.190194611221814
-0.42047007212484844,1.3109799555979182
-1.9062992565404155,1.0785965648029383
-0.5227953448021989,1.9759222870289048
-1.0002296531441273,0.07424629509224845
-0.1893967094827229,0.48406438052998646
-0.798148884558904,1.4163964819430197
-1.7730246340790012,0.8812337247933402
-0.4182185824606919,0.18356460239171946
-1.6539622726059693,0.7015796152425682
-1.9564080514966664,1.2722838878805387
-1.2432829587627476,1.9117774732096353
-0.5571127198463357,1.8245679364899083
-0.1651561392886951,0.6908787275633061
-1.4880465205812765,1.2641833733244763
-1.964454025857723,1.2830501758640098
-0.9650754247944755,1.7404987288112095
-1.6253651948050607,1.517867960857773
-0.9433615084640692,0.35484734155461006
-0.6886730243886099,1.8877541736824606
-0.12438986062594126,0.058015904399479234
-1.8198116237930935,0.3045646042294816
-0.024155284329431703,0.5586412261281095
-0.30676327978315876,0.8272594276828338
-0.10598650120377551,1.9709695722542426
-1.156316369742507,0.760009488543091
-1.7021910283386128,0.2566051892403727
-1.2091542198589018,0.565013253343235
-0.7319054397088787,0.778546383286052
-0.008699902126540593,1.0167211857996037
-0.06823952263328792,0.48697935405451154
-1.0355935627779245,1.9440860877796944
-1.816005823107285,0.3949719349278611
-0.35913363740079474,0.7648800846276982
-1.7320291959700536,0.07838077915389086
-0.758965452691386,0.81104054980111
-0.5532344155648956,0.9479587397559144
-1.9347534601939842,1.1764291959025788
-0.09341196110063588,0.9928190943216799
-1.5485280941877295,1.488310896447298
-1.6277669108414732,0.5830867481046231
-1.5338490336402912,0.6112794887274555
-0.3050574106724733,0.7457383650518867
-1.3578824771558287,1.8372812536652607
-0.11033323696050656,0.09130355622094011
-0.7369403600794016,0.5978073111436089
-1.2469877958632958,0.2702733417922141
-0.6829851620317213,0.15424896477028183
-1.715040100657721,0.476732794959984
-1.6980548787425531,0.079831144461193
-1.333266279018554,1.0929063947245095
-1.4355175068017196,1.6414617174690207
-1.4860032815035387,1.0819773984337455
-1.211516785168098,1.4222555883034376
-1.4711511080227402,1.1877138414261077
-1.3769237245852635,1.6954151656202467
-0.48410180561518246,1.3881053982484473
-1.7495623507032283,1.167569601738981
-0.9930281589699672,0.3763883705491904
-1.058430704513268,0.7545986485279403
-0.5441667323711412,1.1065060007248273
-0.6660918986552424,0.03538682308919472
-0.881434003126534,1.641225508902245
-0.712361403580047,0.9488771693550355
-1.6729169671657513,0.6798031009986008
-1.261872945605902,0.15721539611658097
-1.1074826749077367,0.2182612374020958
-1.0400548464926929,0.29269593905151026
-1.1579548485177777,1.8090140957035004
-1.9065052985627058,1.038644901663683
-1.4030080137395935,1.8377486883794285
-0.3417050925389551,1.6642961093210937
-1.9581334904370733,1.1241413120469192
-1.912461916106056,1.2411375095242096
-1.2867343243940694,0.9791611340144104
-0.9334317743638254,1.3131288205841631
-0.44560903069454905,1.6153833934399175
-1.3565170543630405,0.2756113519471639
-1.6647881078369748,1.5079087066470092
-0.29689404613523207,1.1376544748275634
-0.06988954238211886,1.942154302218324
-0.5438747162052628,0.7000032782591596
-0.8258627280086182,1.5609568206978308
-0.9067619317970381,0.4757158643161987
-0.014193953122949798,1.2370976521457229
-1.310310012286214,1.912998649279009
-0.1513492285123823,0.04853300678718253
-1.1813554356747915,0.6496716339234607
-0.4144328932314463,0.52228356929906
-0.8576353943331678,0.6361156737364746
-1.3607453583463984,1.6391105301195332
-0.5017661958939632,1.0084780971077285
-0.21112378900318451,1.3547755109055961
-1.317804861047418,0.5763316026425584
-1.6126552904965925,0.5948555782268845
-1.7447722961958614,0.7089069114721298
-0.2045534486375702,1.8187547920749074
-0.7409680225220301,1.261438417933674
-1.281692941892461,1.324726136818483
-1.2748600778378045,1.9780858143709321
-0.38350014404904686,1.481390473512076
-1.7027874066529893,1.5403157932730696
-1.7316007079916012,1.0224092643245795
-0.840664386726605,0.09955014801717055
-1.0978275270987996,0.429641451184938
-0.22633028250531018,0.7403081139656631
-0.9048970122326734,1.2562852564106997
-0.3211406653382729,0.8649928364908812
-0.14526335207825736,1.0051789523744992
-0.21384875663901615,1.9738939150149404
-1.0493643197100402,0.8786051875327121
-0.7667808759159538,1.733899664934031
-0.3426751790635658,0.3546165025988004
-1.0837597004786215,1.5868344199699498
-1.4016904043621587,0.12107036551263972
-1.6811857555281808,0.4432583726977062
-0.6521555978386575,1.4122352251126373
-0.8081375643764435,0.2399893756782756
-1.1485759048349597,1.2439999626880847
-0.9883062090433168,0.3095278295823616
-0.43222969834905833,1.4323913139559976
-1.0460322772033106,0.6169872381220454
-0.48561972151590815,0.6062757321442436
-0.6306658786662718,0.9650561496633978
-0.8844969250527026,0.6887942128058724
-1.5679249443902876,0.24993741271454084
-0.09429536440578579,0.5232500874825428
-1.2438780388200799,0.771133996941713
-0.2660199368217697,1.457841968075281
-1.6666336773654336,1.4553717681472385
-1.8573308027016942,0.7798057840826162
-1.8527685122917101,0.6498713561662057
-1.9377734591280005,0.9032018265781618
-0.7499821331987622,1.8726036785078137
-0.13280395718283677,1.1657543296778439
-1.0344178905351493,0.5770851704572855
-0.819464662380738,0.9788234551748047
-0.8105431421029052,0.5966908441834555
-1.4072664607783845,1.9007609002651797
-0.49343488816158154,1.4783848524796732
-0.32103848528383017,1.967572450385126
-1.9677702251200662,0.3981906380083471
-0.6482084691589183,0.31598305308225516
-0.494774040003894,0.7706439499620525
-0.3211799288189545,1.7726710236461398
-0.7778292753346336,0.02189477851262378
-1.176176595387785,1.6596107295504268
-1.099409287663276,1.2910448382014028
-1.2631258009483477,0.5791343497647963
-1.5064427430060514,0.05673089953992738
-1.3768576759680573,1.3934954210620425
-1.6481772152680993,0.8558840795996494
-1.9380986379990783,0.002389091713503877
-1.0600591493042715,1.3690188760733135
